Enumerated Births in the US & Territories
Tabulated by date of birth, years 2000-2014
Data extracted March 2015
US Social Security Adminstration



2000
  
        MOB
               1        2        3        4        5        6        7        8        9       10       11       12 TOTAL
  DAYOB
  --------------------------------------------------------------------------------------------------------------------------
      1     9083    12614    12672     8388    11621    13363     9376    13356    13145     8453    12927    12545   137543
      2     8006    12465    12524     7540    12934    12695     8100    12835     9265    12223    13066     8914   130567
      3    11363    12062    12390    11397    12259     8940    11345    13092     8248    13245    12630     7930   134901
      4    13032    12035     9054    12797    12434     7983     9550    12940     8603    13154     9084    11501   132167
      5    12558     8624     7734    12209    12539    11647    12346     9398    12200    13288     8078    12997   133618
      6    12466     7862    11375    12192     8814    12765    13853     8350    13917    12774    11862    12697   138927
      7    12516    11630    12420    12213     7797    12474    13658    11864    13512     9131    12822    12820   142857
      8     8934    12879    12338     8743    11604    12751     9631    13693    13487     8119    12829    12548   137556
      9     7949    12315    12615     7759    12744    12504     8586    13170     9860    11343    12778     8853   130476
     10    11668    12612    12152    11333    12607     9134    12420    12953     8552    13124    12554     8022   137131
     11    12611    12411     8822    12850    12442     8116    13584    12729    12405    12907     9318    11811   140006
     12    12398     8836     7937    12545    12132    11848    12827     9305    13649    13038     8070    13627   136212
     13    11815     7933    11157    11907     8747    12683    12980     8313    13299    11723    11480    12567   134604
     14    12180    12152    12773    12053     7617    12849    13230    11927    13739     9163    13153    12640   143476
     15     8525    13017    12428     8887    11587    12798     9627    13374    13552     8156    12953    12656   137560
     16     7657    12504    12431     7859    12898    12727     8423    13174     9780    12001    13061     9184   131699
     17    10824    12520    12385    11322    12729     9143    12053    13099     8683    13106    12888     8026   136778
     18    12350    12406     8677    12783    12580     8162    13663    13124    12554    12816     9137    12590   140842
     19    12405     8861     7782    12562    12174    11649    13001     9276    13850    12502     8077    13829   135968
     20    12506     7943    11595    12301     8673    13017    13173     8346    13775    12471    12974    13762   140536
     21    11953    10610    12689    11257     7887    12729    13027    12003    13350     8956    13991    13524   141976
     22     8855    12664    12272     8367    11582    12809     9463    13406    13189     7938    12420    12248   135213
     23     7856    12252    12396     7483    13097    12603     8166    12929     9494    11810     8144     8484   124714
     24    11449    12423    12327    11309    12669     9094    12128    13021     8539    12995     9805     6971   132730
     25    12593    12204     9155    12488    13026     8178    13176    12926    12432    12780     8537     6719   134214
     26    12143     9026     7815    12245    12726    12164    12931     9341    13540    12787     7950    10395   133063
     27    12408     7836    11291    12235     8991    13354    13155     8240    13467    12333    12175    13252   138737
     28    11934    11455    12650    11989     7873    13033    12890    12074    13515     8978    13799    13900   144090
     29     8805    11895    12077     8703     8272    13462     9465    13237    13045     8124    13114    13607   133806
     30     7764        0    12071     7641    11954    13225     8444    13111     9335    11558    12818     9405   117326
     31    11133        0    11820        0    12941        0    11860    13287        0    11372        0     7892    80305
  
  TOTAL   337739   324046   347824   323357   347950   347899   356131   367893   355981   352368   342494   345916  4149598




2001
  
  
        MOB
               1        2        3        4        5        6        7        8        9       10       11       12 TOTAL
  DAYOB
  --------------------------------------------------------------------------------------------------------------------------
      1     7663    12477    12530     7212    13037    12677     8145    12960     9248    12425    12879     8255   129508
      2    10635    12470    12383    11673    12542     8920    12390    13097     8239    13523    12374     7385   135631
      3    12449     8650     8935    12864    12596     7887    13364    12859     8115    13056     8572    11548   130895
      4    12678     7716     7799    12655    12276    11500     9608     9143    12501    13182     7533    12605   129196
      5    12647    11825    11411    12438     8795    12683    12531     8062    14055    12851    11668    12609   141575
      6     9180    12536    12339    12407     8001    12804    13151    12008    13925     8872    12662    12188   140073
      7     7883    12343    12351     8755    11635    12566     9544    13488    13721     7744    12419    11693   134142
      8    11447    12390    12440     7718    13032    12451     8249    13185     9344    11531    12519     8372   132678
      9    12386    12343    12461    11617    12477     8756    12036    13339     8347    12886    12416     7498   136562
     10    12455     8791     8807    13031    12632     7674    13614    13094    12459    12858     8665    11655   135735
     11    12433     7563     7697    12912    12296    11776    13026     9275    13590    12568     7599    12798   133533
     12    12735    11670    11595    12733     8692    13218    13188     8261    13149    12676    11670    12884   142471
     13     8836    12267    12534    10881     7479    12342    12187    11682    13186     8659    12382    12230   134665
     14     7818    13191    12578     8262    11577    12655     9269    13325    13444     7753    12602    12405   134879
     15    10926    12632    12525     7230    13124    12394     8047    13332     9662    11649    12936     8615   133072
     16    12327    12355    12460    11220    12625     8780    12383    13372     8319    12770    12979     7432   137022
     17    12344     8609     9006    12867    12630     7722    13657    13102    12664    12599     8774    12392   136366
     18    12648     7555     7526    12381    12313    11756    13241     9294    13526    12579     7495    13657   133971
     19    12339    10522    11352    12257     8803    12785    13293     7945    13575    12359    12709    13404   141343
     20     8771    12373    12868    12296     7732    12704    12950    12313    13750     8747    13603    13871   141978
     21     7850    12492    12690     8849    11680    12615     9410    13590    13341     7506    12167    13530   135720
     22    11444    12482    12472     7758    13047    12299     8116    13146     9607    11705     7513     9062   128651
     23    12446    12242    12432    11672    12936     8452    12099    13158     8495    12896     9594     7245   133667
     24    12244     8656     8830    12981    13179     7639    13532    12996    12564    12676     8100     7626   131023
     25    12570     7794     7800    12728    12722    11575    12988     9229    14063    12516     7456     6603   128044
     26    12191    11332    11290    12560     8911    12939    13022     8115    13441    12296    11732    11040   138869
     27     8795    12334    12570    12335     7529    12809    12677    12080    13199     8458    13249    14151   140186
     28     7761    12209    12469     8574     7993    13059     9102    13792    13174     7676    12516    14235   132560
     29    11513        0    12366     7602    12013    12922     7892    13160     9243    11389    12474     9563   120137
     30    12488        0    12059    11416    13334     9247    12150    13520     8042    12534    12019     7840   124649
     31    12477        0     8770        0    13051        0    13218    13461        0    10913        0    10272    82162
  
  TOTAL   342379   309819   345345   329884   350689   337606   358079   369383   349988   351852   331276   334663  4110963

  
  
  
  
  
2002
  
  
        MOB
               1        2        3        4        5        6        7        8        9       10       11       12 TOTAL
  DAYOB
  --------------------------------------------------------------------------------------------------------------------------
      1     7927    12130    12388    10264    12297     8547    12584    13267     7947    13625    12591     7402   130969
      2    10723     9021     8507    12884    12405     7662    14187    13127     8297    13512     8561    11929   130815
      3    12465     7442     7624    12372    12130    11433    13626     8963    12613    13044     7502    13314   132528
      4    12671    11412    11661    12262     8215    12616     9481     7833    13969    12814    11761    12684   137379
      5     8902    12488    12678    12006     7447    12663    11326    12191    14021     8922    12906    12596   138146
      6     7647    12210    12372     8301    11362    12745     8816    13407    13680     7801    12602    11775   132718
      7    11548    12418    12525     7109    12505    12280     8080    13035     9354    11970    12653     8513   131990
      8    12515    12444    12244    11706    12334     8524    12253    13420     8077    13066    12472     7339   136394
      9    11654     8706     8606    12741    12219     7485    13814    12893    12875    12658     8615    11547   133813
     10    12596     7569     7633    12418    12329    11863    13264     9078    13940    12684     7691    12867   133932
     11    12276    11547    11197    12236     8329    12713    13215     7970    12655    12467    11509    12632   138746
     12     8591    12779    12667    12272     7487    12758    12760    12311    14247     8451    12725    12850   139898
     13     7471    12069    12031     8448    11404    12457     8896    13603    13028     7416    12097    11600   130520
     14    11530    13062    12583     7578    12909    12562     7884    13302     9388    11559    12485     8420   133262
     15    12369    12548    12472    11412    12705     8708    12370    13551     8433    12788    12273     7516   137145
     16    11996     8710     8696    12847    12609     7685    13606    13132    12793    12642     8295    12344   135355
     17    12412     7484     7680    12575    12218    11738    13396     9298    14241    12507     7353    13454   134356
     18    12251    10907    11621    12490     8528    13139    13395     7925    13953    12197    11790    13580   141776
     19     8434    12262    12674    12297     7470    12598    12900    12299    13899     8534    12716    13665   139748
     20     7462    12817    12577     8224    11788    12847     8799    13820    13721     7405    12574    14015   136049
     21    10921    12384    12502     7298    12916    12377     7954    13356     9613    11690    12716     9092   132819
     22    12361    12667    12252    11576    12670     8676    12194    13232     8222    13214    12978     7607   137649
     23    12252     8639     8569    12457    13123     7661    13630    13133    12795    12656     8581    11396   134892
     24    12549     7488     7419    12297    12775    11972    13231     9086    14205    12679     7650     9131   130482
     25    12069    11547    11507    12469     8515    13425    13345     7961    13518    12523    12470     6774   136123
     26     8530    12487    12840    11917     7282    13167    12914    12182    13469     8414    13377    11242   137821
     27     7510    12303    12568     8243     7765    13310     9073    13788    13298     7690    11544    13650   130742
     28    11354    12370    12454     7502    12148    12996     7915    13398     9250    11853     7392     9114   127746
     29    12215        0    11449    11422    13436     8994    12148    13426     7968    12833     9341     8035   121267
     30    12146        0     8270    12666    12963     7831    13593    13300    12232    12274     8159    13158   126592
     31    12125        0     7083        0    12568        0    13311     9122        0    10850        0    12582    77641
  
  TOTAL   337472   309910   337349   330289   344851   333432   363960   366409   355701   352738   325379   341823  4099313

  
  
  
  
  
  2003
  
  
        MOB
               1        2        3        4        5        6        7        8        9       10       11       12 TOTAL
  DAYOB
  --------------------------------------------------------------------------------------------------------------------------
      1     7908     8667     8587    12000    12727     7650    13930    13242     8164    13398     8491    12213   126977
      2    11124     7685     7545    12994    12549    12041    13823     8882    12684    13638     7716    13454   134135
      3    12252    11498    12774    12599     8488    13090    13487     7838    14427    13284    12443    13199   145379
      4     8519    12566    12871    12669     7551    12853     9504    12233    14161     8983    13374    12631   137915
      5     7495    12011    12483     8440    12001    12850     8269    13735    13897     7744    12998    12180   134103
      6    11364    12352    12604     7265    13165    12869     7871    13363     9400    12104    12801     8247   133405
      7    12657    12381    12503    11750    12667     8670    12630    13539     8188    13523    12535     7383   138426
      8    12167     8573     8649    13020    12902     7606    13906    13352    12701    13509     8719    11708   136812
      9    12081     7482     7387    12397    12710    11917    13508     9226    13869    13285     7481    13001   134344
     10    12517    11996    11671    12689     8706    13326    13600     7954    14180    13306    12117    12739   144801
     11     8471    12961    12935    12397     7576    13154    13096    12282    13196     8721    13166    12502   140457
     12     7297    12595    12520     8517    12118    13092     8908    13995    13848     7816    12680    12484   135870
     13    11197    12340    12333     7234    12685    12013     7946    13202     9574    11455    12438     8303   130720
     14    12918    13051    12770    11800    12833     8696    12281    13391     8500    13274    12433     7462   139409
     15    12140     8850     8601    13055    13074     7680    13711    13206    13068    12949     8309    12319   136962
     16    12136     7669     7472    12947    12840    12388    13480     9316    14399    12711     7486    13649   136493
     17    12110    10707    11990    12926     8687    13443    13729     8181    14018    12676    12006    13454   143927
     18     8431    12637    12960    11680     7606    13082    13225    12437    14066     8564    13330    13865   141883
     19     7498    12626    12587     8155    12035    12975     8926    13831    13560     7561    12879    13693   136326
     20    11045    12545    12755     7155    13239    12693     8058    13464     9688    12073    12988     8953   134656
     21    12288    12689    12653    11465    13380     8734    12419    13528     8500    13300    13036     7657   139649
     22    12097     8883     8488    12696    13393     7742    13775    13478    12987    13054     8623    13249   138465
     23    12185     7723     7420    12616    13176    12236    13539     9240    14376    12817     7383    12939   135650
     24    12107    11874    11654    12530     8769    13578    13569     7936    13841    12566    13035     9272   140731
     25     8379    12882    13054    12255     7690    13468    12977    12631    13865     8568    13732     6744   136245
     26     7389    12356    12549     8343     7933    13330     8978    14008    13846     7818    12069    10431   129050
     27    11418    12657    12601     7453    12390    12862     7830    13854     9177    11956     7340     8785   128323
     28    12595    12533    12493    11666    13854     8862    12434    14099     8206    13426     9407     7763   137338
     29    12100        0     8691    12672    13497     7723    13825    13769    12522    12950     8043    13125   128917
     30    12289        0     7493    12306    13224    12261    13557     9344    13413    12600     7330    14700   128517
     31    11989        0    11481        0     8850        0    13445     7865        0    11005        0    12540    77175
  
  TOTAL   336163   312789   342574   335691   352315   342884   370236   366421   366321   360634   326388   350644  4163060

  
  
  
2004
  
  
        MOB
               1        2        3        4        5        6        7        8        9       10       11       12 TOTAL
  DAYOB
  --------------------------------------------------------------------------------------------------------------------------
      1     8205     7270    12017    12138     8259    12440    13887     7837    13418    13256    12173    13385   134285
      2    10586    11686    12943    12776     7433    13785    13271    12428    13539     8886    13212    12989   143534
      3     8337    13211    12696     8479    11839    13644     8900    13249    13245     7719    13004    12604   136927
      4     7359    12580    12611     7559    12824    13059     7820    13498     8881    12591    13075     8616   130473
      5    11489    12572    12407    12013    12852     8706     8978    13234     7875    13707    12900     7606   134339
      6    12755    12371     8532    13122    12707     7451    13221    12935     8281    13317     8789    12054   135535
      7    12716     8533     7304    12929    12582    12173    14496     8860    12884    13383     7734    13372   136966
      8    12781     7440    11816    12836     8599    13339    14056     7773    14492    13122    12420    13179   141853
      9    12469    11654    12988    11695     7380    12806    13874    12310    14526     8716    13351    12872   144641
     10     8337    13139    12777     8148    12243    13141     9040    13571    14081     7709    13017    12719   137922
     11     7316    12966    12797     6969    13229    12691     7862    13405     9253    11758    12976     8550   129772
     12    11813    12957    12519    11751    12989     8581    12621    13448     8281    13405    12783     7649   138797
     13    12639    11749     8398    12613    12373     7649    13214    12275    12644    13069     8626    11809   137058
     14    12965     8944     7401    12732    12688    12200    13610     8884    14172    13259     7503    13360   137718
     15    12837     7603    11903    12785     8498    13317    13601     7885    13641    13111    12293    13380   140854
     16    12424    11280    12873    12482     7614    13141    13411    12328    13432     8802    13528    13418   144733
     17     8442    12790    12979     8584    12172    13165     9067    13551    13577     7661    13124    13090   138202
     18     7512    12954    12710     7447    13294    12785     7797    13274     9387    12252    13348     8623   131383
     19    11152    12709    12480    11792    12576     8492    12286    13088     8251    13271    13063     7552   136712
     20    12810    12720     8329    13128    13036     7629    13804    13228    12963    12967     8694    13587   142895
     21    12753     8481     7548    12787    12625    12093    13370     8944    13932    12959     7742    14390   137624
     22    12675     7552    11842    12866     8614    13237    13574     7950    13749    12887    13463    13006   141415
     23    12643    11565    12978    12442     7628    13096    12974    12285    13969     8627    14238    11043   143488
     24     8632    13009    12765     8595    12341    13267     9046    13556    13722     7699    12430     7813   132875
     25     7556    12800    12835     7507    13451    13074     7549    13116     9142    12341     7614     6259   123244
     26    11611    12621    12372    12020    12891     8786    12266    13196     8143    13464     9370     7087   133827
     27    12892    12403     8602    13147    13470     7715    13454    12971    12674    13178     8118    12276   140900
     28    12373     8488     7549    12756    12941    12383    13258     9049    13882    13287     7540    13965   137471
     29    12313     7301    11788    12617     8720    13587    13281     7783    13416    12473    12315    13642   139236
     30    12375        0    13078    12364     7511    13444    12934    12342    13443     8616    13916    13314   133337
     31     8310        0    12542        0     7869        0     8858    13582        0     7556        0    10130    68847
  
  TOTAL   339077   321348   352379   339079   343248   350876   365380   361835   362895   355048   342359   353339  4186863
  
  
  
  
2005
  
  
        MOB
               1        2        3        4        5        6        7        8        9       10       11       12 TOTAL
  DAYOB
  --------------------------------------------------------------------------------------------------------------------------
      1     7317    13263    13042    11760     7230    14054    13759    12415    14160     8820    13682    13210   142712
      2     6871    12966    12765     8574    11980    13666     8862    13730    13904     7841    13275    12599   137033
      3    11153    12638    13018     7065    13079    13483     7668    13350     9128    12816    13284     8241   134923
      4    12644    12671    12772    12457    12841     8686     7733    13511     7931    13449    12928     7297   134920
      5    12671     8539     8499    13274    14357     7791    12847    13413     8116    13488     8675    12106   133776
      6    12733     7432     7382    13200    12496    12363    14562     8820    13124    13552     7565    13249   136478
      7    12581    11867    11801    12996     8204    13481    14627     7662    14744    13056    12176    13017   146212
      8     8376    12927    12969    12747     7349    13138    14136    12553    14740     8846    13678    13048   144507
      9     7169    12469    12700     8355    12155    13422     9189    13893    14505     7508    13208    12391   136964
     10    11803    12865    12920     7443    13299    13230     7829    13593     9565    12298    13227     8401   136473
     11    12949    12517    12777    12143    12762     8621    12626    14011     8041    13256    12584     7368   139655
     12    12842     8462     8511    13146    13251     7487    13884    13610    13189    13191     8333    12494   138400
     13    12357     7395     7239    12452    11803    11843    13431     9049    13951    12922     7420    13323   133185
     14    12562    12386    12086    12976     8610    13815    14038     7867    14160    13087    12164    13768   147519
     15     8502    13378    13144    13063     7515    13261    13685    12740    14263     8733    13549    13586   145419
     16     7192    13029    12718     8291    12307    13033     9036    13998    14189     7432    13113    13320   137658
     17    11059    12718    13118     7214    13659    12821     7793    13801     9459    12230    13280     8701   135853
     18    12677    12589    12690    12023    13378     8573    12698    14009     8262    13442    13153     7617   141111
     19    12726     8318     8557    13197    13114     7522    13791    13365    13460    12932     8481    13410   138873
     20    12847     7342     7454    13120    13007    12332    13603     9118    14590    13267     7594    14659   138933
     21    12579    11087    12108    12978     8490    13439    13870     7776    14203    12828    13399    14159   146916
     22     8255    12699    13386    12543     7386    13342    13390    12487    13973     8568    14175    12877   143081
     23     7376    12685    12910     8244    12445    13458     8916    13739    13776     7371    12202    10642   133764
     24    11716    12733    12912     7267    13740    13032     7762    13569     9207    12012     7267     7256   128473
     25    13295    12495    12111    12002    13793     8737    12651    13824     8028    13351     9090     6224   135601
     26    12733     8293     7980    13157    13654     7603    13671    13327    12952    12798     7848     8505   132521
     27    12680     7449     6923    12929    13378    12488    13528     8952    13955    13273     7197    13056   135808
     28    12578    11678    11820    12822     8688    13813    13621     7743    13785    12619    12716    14381   146264
     29     8303        0    13028    12342     7270    14039    13260    12711    13540     8509    13743    13972   130717
     30     7402        0    12947     8280     7886    14003     8987    13933    13454     7459    13176    13208   120735
     31    11530        0    12834        0    12610        0     7743    13898        0    10207        0     8635    77457
  
  TOTAL   337478   314890   355121   338060   351736   356576   363196   376467   370354   351161   342182   354720  4211941
 
  
  
  
  
2006
  
  
        MOB
               1        2        3        4        5        6        7        8        9       10       11       12 TOTAL
  DAYOB
  --------------------------------------------------------------------------------------------------------------------------
      1     7137    12960    13422     8268    12248    14257     9285    14537    14458     8263    13969    13451   142255
      2     8198    13231    13210     7271    13242    13772     7817    14114     9426    13109    13920     8740   136050
      3    11992    13089    13212    12398    13059     8878    11867    14093     8162    14550    13589     7607   142496
      4    12966     8647     8682    13287    12941     7834     9083    13899     8298    14214     8787    12498   131136
      5    13117     7506     7440    13348    12983    13004    13124     9441    13654    14212     7957    13859   139645
      6    13071    12302    12361    13069     8297    11661    15007     7881    15391    13829    12893    13840   149602
      7     8546    13555    13248    12922     7343    13693    14580    13112    15454     9015    13779    13619   148866
      8     7409    13057    13427     8333    12355    14137     9526    14507    15018     7940    13798    12945   142452
      9    11809    13232    13305     7314    13100    13203     8088    14277     9759    12796    13783     8769   139435
     10    12992    13298    13162    12233    13079     8619    13306    14331     8407    14480    13571     7520   144998
     11    12844     8702     8602    13504    12921     7653    14413    13975    12868    14086     8807    12803   141178
     12    13309     7404     7558    13120    12685    12652    13919     9401    15078    13985     7650    14301   141062
     13    11994    11955    11742    12853     8260    13378    13926     7979    14769    12628    12546    13794   145824
     14     8628    13886    13358    12139     7288    13800    14174    13313    15099     8804    14229    13993   148711
     15     7312    13424    13183     8227    12476    13765     9477    14570    14762     7757    13881    13489   142323
     16    11477    13303    13125     7030    13630    13461     8150    14330     9648    12873    14073     9012   140112
     17    13018    13218    13003    11897    13444     8892    13454    14355     8701    14304    14158     7741   146185
     18    13079     8738     8757    13415    13274     7902    14456    13864    13958    13877     8844    13597   143761
     19    13125     7577     7355    12979    12731    12869    14019     9509    15205    13648     7577    14900   141494
     20    13040    11466    12335    13157     8624    14021    14239     8217    14850    13327    14053    14900   152229
     21     8408    13172    13378    12776     7473    13586    14195    13236    14965     8803    14835    14452   149279
     22     7442    13341    13027     8397    12775    13722     9219    14433    14708     7805    13181    12998   141048
     23    12102    13280    13042     7141    13827    13136     8156    14360     9815    12836     7521     8318   133534
     24    12983    12832    12874    12164    13544     8740    13075    14109     8371    14153     9640     6708   139193
     25    12911     8557     8381    13238    14074     7727    14387    13921    13740    13751     8217     6409   135313
     26    13044     7400     7403    13011    13355    12660    14093     9313    14912    13974     7585    11087   137837
     27    12917    12080    12095    13120     8883    14119    14270     8144    14465    13374    13150    14795   151412
     28     8439    13223    13246    12562     7651    14246    13912    13433    14281     8789    14575    14997   149354
     29     7572        0    13114     8287     8099    14218     9332    14688    13828     7974    13997    14402   125511
     30    12150        0    13067     7127    13051    14010     8105    14466     9154    12465    13411     9498   126504
     31    12945        0    12406        0    14189        0    12791    14391        0    12064        0     7569    86355
  
  TOTAL   345976   324435   362520   334587   360901   363615   373445   394199   381204   373685   357976   362611  4335154

  
  
  
2007
  
  
        MOB
               1        2        3        4        5        6        7        8        9       10       11       12 TOTAL
  DAYOB
  --------------------------------------------------------------------------------------------------------------------------
      1     7322    13557    13572     7372    13902    13714     7937    14627     9465    13244    13926     8761   137399
      2    11807    13305    13244    12450    13325     8977    13794    14241     7957    14231    13803     7676   144810
      3    13687     8821     8739    13504    13155     7813    14814    13961     8397    14021     8837    12581   138330
      4    13564     7628     7566    13729    12773    12711     9746     9083    13600    13756     7975    13878   136009
      5    13960    12369    12480    13360     8374    13848    13367     8160    15440    13649    13023    13695   151725
      6     8865    13495    13551    12308     7476    13703    14143    13318    15010     8901    14159    13514   148443
      7     7580    13466    13520     8253    12250    13674    10499    14670    14818     7858    13905    13168   143661
      8    12315    13451    13751     6903    13267    13595     8322    14477     9745    12582    13734     8676   140818
      9    13237    13419    13508    12120    13111     8810    13473    14314     8389    14033    13542     7603   145559
     10    13264     8732     8729    13564    13504     7596    14927    13836    13844    14086     8755    12759   143596
     11    13517     7833     7390    13430    13070    12826    14594     9200    14063    13580     7920    13962   141385
     12    13400    12792    12524    13609     8489    13969    14115     7945    14960    13400    12746    13906   151855
     13     8670    13437    13147    12168     7260    13534    13228    13199    14525     8756    13640    13418   144982
     14     7653    13647    13311     8237    12552    14139     9327    14695    14603     7579    13850    13267   142860
     15    11820    13642    13471     7225    13995    13563     7983    14629     9807    12987    14432     8654   142208
     16    12825    13517    13286    12502    13723     8967    13483    14674     8283    14039    14156     7636   147091
     17    13244     8940     8791    13604    13408     7837    14828    14136    13798    13783     9123    13455   144947
     18    13495     7791     7681    13386    12782    13178    14349     9332    15194    13581     7898    14983   143650
     19    12921    11752    12366    13358     8560    14017    14169     8115    14783    13437    13944    14941   152363
     20     8600    13466    13844    13000     7577    13904    14070    13496    15139     8607    14808    15214   151725
     21     7563    13470    13710     8302    12816    13837     9356    14541    14473     7723    13230    14808   143829
     22    12454    13748    13388     7590    14143    13697     7963    14344     9604    12730     7567     9194   136422
     23    13418    13347    13464    12431    13906     9105    13293    14447     8512    13681     9598     7398   142600
     24    13320     8732     8762    13519    14010     7710    14783    14162    13534    13771     8380     7727   138410
     25    13448     7725     7785    13368    13670    12972    14510     9234    14788    13874     7668     6624   135666
     26    13110    12578    12462    13001     8764    14395    14212     8025    14417    13223    13192    12306   149685
     27     8633    13591    13664    12795     7607    14318    14354    13187    14519     8806    14707    15590   151771
     28     7633    13366    13420     8302     7917    14224     9258    14959    13926     7560    14030    15555   140150
     29    12402        0    13171     7409    13291    13837     8116    14517     9198    12648    13821     9961   128371
     30    13486        0    13138    12182    14569     9016    13439    14668     7983    13389    12966     8191   133027
     31    13308        0     8453        0    14245        0    14409    14163        0    11757        0    11102    87437
  
  TOTAL   360521   331617   365888   342981   367491   363486   384861   396355   372774   375272   359335   360203  4380784

  
  
  
2008
  
  
        MOB
               1        2        3        4        5        6        7        8        9       10       11       12 TOTAL
  DAYOB
  --------------------------------------------------------------------------------------------------------------------------
      1     8014    13191     8832    12771    13520     7651    14350    13684     8105    13761     8395    13029   135303
      2    11729     8646     7535    13491    12872    12590    14189     9018    13488    13742     7807    14138   139245
      3    13691     7616    12621    13340     8329    13459    14182     7911    14657    13189    12887    13317   145199
      4    13799    12592    13622    13405     7135    13597     9449    13155    14980     8788    13244    13250   147016
      5     9113    13447    13160     8600    12480    13438     8061    13981    14475     7609    13041    12734   140139
      6     7610    13338    13279     7606    13416    13159     7725    13800     9450    12557    13153     8422   133515
      7    12335    13636    13104    12312    13059     8708    13340    13859     8209    13728    13203     7282   142775
      8    13336    13582     8409    13526    13387     7727    14771    15374    13437    13499     8538    12322   147908
      9    13022     8862     7216    13009    12934    12450    14098     9233    14567    13301     7305    13112   139109
     10    13617     7637    12648    13236     8554    13789    13952     7951    14474    13264    12333    13113   144568
     11    13412    12578    13571    13053     7293    13609    13697    13186    13391     8624    13323    12851   148588
     12     8712    13867    13353     8531    12613    13796     9084    14336    14312     7590    12852    12903   141949
     13     7407    13125    13037     7384    13238    12394     7885    13933     9552    11616    12541     8436   130548
     14    12566    14207    13321    12386    13405     8603    12881    14248     8405    13396    12824     7380   143622
     15    13344    13696     8806    13274    13521     7779    14221    13890    13775    13299     8377    12377   146359
     16    13183     8780     7626    13120    13062    12732    14016     9180    14736    13163     7225    13900   140723
     17    13332     7646    13006    13164     8246    13756    13987     7848    14316    12957    12251    13814   144323
     18    13473    12032    13766    13090     7573    13638    13542    13404    14512     8373    13202    14324   150929
     19     8480    13548    13356     8695    12614    13452     8978    14348    14151     7205    12874    14007   141708
     20     7481    13418    13614     7504    13912    13403     7999    14083     9227    12384    13436     8665   135126
     21    11883    13507    12606    12376    13853     8857    13053    14010     8183    13478    13189     7635   142630
     22    13297    13183     8477    13428    13732     7651    14241    13923    13246    13256     8449    13831   146714
     23    13458     8973     7174    13284    13342    12794    13994     8997    14464    13239     7301    13374   140394
     24    13485     7505    12352    13317     8529    13983    13622     8008    14016    12872    13493     9235   140417
     25    13305    12621    13572    12851     7441    13728    13417    13051    14176     8409    13929     6471   142971
     26     8717    13500    13116     8304     7948    13547     8898    14260    13705     7318    12242    10890   132445
     27     7643    13316    13224     7439    13181    13411     7940    14213     9168    12358     7126     8728   127747
     28    12592    13674    12886    12325    14397     8991    13054    14718     7892    13528     9247     7677   140981
     29    13412    11631     8616    13313    13783     7840    14259    14260    12819    12954     7803    13951   144641
     30    13233        0     7368    13210    13602    12898    13883     9182    13737    12950     7315    15645   133023
     31    13187        0    12211        0     8864        0    13939     8002        0    11013        0    12906    80122
  
  TOTAL   361868   343354   355484   351344   359835   353430   380707   379046   373625   363420   328905   359719  4310737
 
  
  
2009
  
  
        MOB
               1        2        3        4        5        6        7        8        9       10       11       12 TOTAL
  DAYOB
  --------------------------------------------------------------------------------------------------------------------------
      1     8145     7255     7342    12247    12930    12541    14311     8684    14107    13628     7519    13900   132609
      2    10995    12525    12276    13233     8169    13408    13931     7492    13659    13264    12212    13267   144431
      3     8338    13330    13265    13078     7220    13080    10630    12642    13900     8548    13205    12952   140188
      4     7283    12894    12903     8389    12126    13036     7978    13937    13622     7443    12743    12131   134485
      5    12125    12817    13176     7238    13358    12648     7333    13510     8959    12559    12805     7855   134383
      6    13222    12517    13081    12200    12686     8428    12415    13377     7587    13674    12314     7103   138604
      7    13119     8451     8556    13589    13088     7221    14208    13122     7947    13078     8044    11732   132155
      8    13019     7462     7314    13177    12738    12472    14252     8830    13555    13174     7260    12823   136076
      9    12647    12484    12400    13278     8180    13368    13566     7683    16081    12706    11874    12497   146764
     10     8233    13612    13568    12007     7339    13248    13276    12759    14887     8577    13287    12299   143092
     11     7122    13219    12999     7906    12410    13079     8769    14021    13032     7268    12889    11834   134548
     12    12178    13635    13134     6864    13415    12780     7627    13764     9264    12105    12751     8082   135599
     13    12597    11832    12087    11617    12920     8376    12570    13391     7871    12941    11739     7027   134968
     14    13013     8550     8396    13415    13033     7380    14086    13398    13393    12882     8281    12254   138081
     15    12800     7434     7130    12804    12874    12465    13939     8566    14558    13115     7232    13347   136264
     16    12542    11731    12264    13095     8327    13542    14012     7750    14130    12605    11940    12961   144899
     17     8175    13151    13542    12481     7256    13440    13258    13104    14095     8155    12950    13425   143032
     18     7151    13324    12987     8364    12467    13611     8626    14226    13951     7356    12866    13478   138407
     19    11353    13171    12706     7309    13543    12846     7536    13634     9032    12056    12822     8436   134444
     20    12935    12995    12927    12252    13694     8603    12612    13994     8014    13142    13002     7225   141395
     21    12822     8628     8286    13273    13569     7559    13974    13291    13415    12924     8335    13512   139588
     22    13125     7286     7168    12958    13314    12396    13657     8952    14318    12935     7230    14102   137441
     23    12995    12363    12056    12872     8618    13700    13880     7650    13973    12621    13125    11819   145672
     24     8357    13110    13309    12231     7481    13268    13132    12664    14048     8353    13907     8441   138301
     25     7261    13084    13027     8191     8058    13362     8887    13928    13449     7120    11986     6160   124513
     26    12156    13134    12785     7198    13239    12981     7716    13770     9013    12238     6864     7172   128266
     27    13107    12732    12692    12199    14350     8474    12684    13861     7817    13230     8750     7480   137376
     28    12703     8396     8381    13243    14057     7471    14163    13530    12723    13043     7604    13354   138668
     29    12729        0     7348    12701    13290    12776    13619     8805    13829    12683     7169    14600   129549
     30    12527        0    12330    12413     8602    14061    13537     7702    13465    11978    12542    13829   132986
     31     8201        0    13136        0     7480        0    13307    12758        0     7658        0    11667    74207
  
  TOTAL   342975   321122   352571   341822   349831   351620   373491   364795   367694   353059   325247   346764  4190991

  
  
  
  
2010
  
  
        MOB
               1        2        3        4        5        6        7        8        9       10       11       12 TOTAL
  DAYOB
  --------------------------------------------------------------------------------------------------------------------------
      1     7871    11445    11984    11994     7911    12591    13181     7370    13409    13141    12044    13107   136048
      2     6990    12831    12868    11666     6922    13812    12486    12092    13420     8412    13035    12982   137516
      3     6988    12453    12525     7854    11995    13150     7932    13136    13047     7380    12608    12288   131356
      4    11844    12369    12549     6721    12770    12640     7279    12911     8414    12326    12821     7881   130525
      5    12995    12362    12272    11571    12801     8260     8444    12929     7586    13146    12495     7122   131983
      6    12520     7948     7832    12888    12410     7374    12772    12556     7815    12691     8126    11749   126681
      7    12541     6893     6887    12228    11914    11924    13940     8516    13033    12889     7251    12833   130849
      8    12183    11912    11514    12312     7877    12874    13421     7361    14239    12536    12023    12462   140714
      9     7809    12747    12839    11988     6823    12419    12843    12923    14135     8194    12889    12364   137973
     10     6963    12535    12740     7844    12286    12824     8485    13514    13641     8490    12671    12351   134344
     11    11892    12389    12481     6907    12845    11965     7382    13084     8775    12134    12773     8142   130769
     12    12921    12281    12347    11964    12637     8011    12408    13365     7749    12913    12090     7134   135820
     13    12307     7947     7893    12549    12246     6963    12697    12092    12559    12358     8115    11721   129447
     14    12543     7167     6808    12708    12337    11929    13031     8445    13949    12668     7120    12981   131686
     15    12278    11156    11548    12614     7963    12805    13118     7352    13893    12507    12163    12962   140359
     16     8032    12363    12700    12136     7022    12654    12888    12409    13964     8081    13205    12975   138429
     17     7131    12734    12781     7878    11953    12836     8370    13286    13605     7181    12710    12829   133294
     18    11220    12764    12054     6978    12854    12331     7352    13102     8979    11888    13025     8470   131017
     19    12510    12401    12119    11845    12411     8085    11865    12964     7899    12693    12634     7257   134683
     20    12514     8201     8005    13010    12559     7164    13291    12910    12992    12838     8511    13280   135275
     21    12762     7211     6992    12594    12302    11922    13158     8404    13919    12747     7285    14255   133551
     22    12364    11996    11657    12485     8093    12838    12939     7461    13640    12235    13195    13029   141932
     23     7996    12628    12752    12095     7094    12878    12542    12195    13717     8033    13762    11237   136929
     24     7014    12438    12473     7964    11893    12671     8396    13226    13280     7242    11964     7532   126093
     25    11623    12449    12591     6965    13421    12552     7392    13328     8780    12190     7162     6159   124612
     26    12821    12046    12088    12034    12972     8294    12262    13008     7543    13176     8689     6796   131729
     27    12441     7832     7995    12619    13115     7234    13264    12966    12652    12700     7526    12231   132575
     28    12342     6895     6922    12500    12519    12157    12877     8553    13208    12408     7217    13654   131252
     29    11838        0    11745    12374     8159    13042    12952     7496    13080    11679    12430    13441   128236
     30     8035        0    12868    11852     7111    12767    12320    12246    12965     7996    13445    13272   124877
     31     6832        0    12619        0     7436        0     8361    13527        0     6895        0     9751    65421
  
  TOTAL   328120   306393   343448   329137   332651   338966   349648   354727   355887   341767   330984   344247  4055975




2011
  
        MOB
               1        2        3        4        5        6        7        8        9       10       11       12 TOTAL
  DAYOB
  --------------------------------------------------------------------------------------------------------------------------
      1     7254    12498    12530    11264     6926    13446    13392    12546    13723     8506    13632    12716   138433
      2     6540    11954    12149     8102    11595    13258     8510    13491    13224     7419    12657    11853   130752
      3    11143    11917    12172     7028    12299    12680     7489    13164     8588    12310    12310     7895   128995
      4    12599    11962    11842    11772    11984     8398     7541    13031     7399    12924    11965     6957   128374
      5    11933     8070     7825    12387    12055     7261    12751    12848     7770    12748     8045    11622   125315
      6    12143     7109     6950    11858    11824    11934    13950     8567    12892    12744     7236    12477   129684
      7    12044    11873    11490    12330     7919    12629    14200     7605    14234    12195    11574    12119   140212
      8     7840    12764    12254    11904     6972    12660    13363    12505    13544     8206    12300    12024   136336
      9     6933    11880    12119     7840    11511    12471     8845    13360    13537     7160    11990    11565   129211
     10    11093    12078    11921     6861    12578    12279     7635    13160     9115    11839    11978     7658   128195
     11    13222    12029    11989    11711    12464     8091    12617    13092     7501    12865    14392     6832   136805
     12    11950     8086     7897    12320    12203     7314    13392    12978    12770    12581     8087    12087   131665
     13    11813     6853     6557    11671    11125    11744    12900     8448    13205    12201     6877    12592   125986
     14    12114    12111    11275    12349     7854    12841    13278     7470    13590    12065    11590    12632   139169
     15     7810    12863    12191    11964     7061    12681    13097    12756    13583     8043    12676    12506   137231
     16     7046    12396    11880     7683    11899    12990     8534    13576    13322     7145    12433    12211   131115
     17    10969    12399    12192     6939    12819    12463     7637    13267     8792    11803    12461     7941   129682
     18    12298    12328    11682    11681    12387     8498    12414    13150     7724    12819    12424     6876   134281
     19    12271     7969     7786    12564    12222     7344    13156    12900    12818    12605     8042    12708   132385
     20    12382     7056     7024    12216    12011    12045    13219     8572    13648    12536     7218    13640   131567
     21    12035    10757    11794    12276     7934    13143    13262     7493    13138    11936    12929    13227   139924
     22     7895    12601    12462    11113     7257    13017    12777    12286    13157     7899    13415    12215   136094
     23     7005    12232    12050     7524    11896    12681     8671    13422    13062     7104    11775    10017   127439
     24    11616    12129    12062     6570    12851    12504     7351    12986     8496    11773     6894     6688   121920
     25    12692    11945    11854    11427    12715     8351    12126    13046     7609    12672     8618     5728   128783
     26    12174     7919     7658    12563    12822     7140    13270    12910    12719    12085     7512     8039   126811
     27    12026     6989     6871    12007    12379    12344    13023     8700    13455    12390     6879    12475   129538
     28    11814    11160    11489    12180     8276    13234    13152     7633    12815    12049    12410    13478   139690
     29     7808        0    12279    11456     7145    13002    12501    12281    12813     7812    13204    12985   123286
     30     6888        0    12022     7665     7492    13194     8338    13561    12419     6870    12584    12434   113467
     31    11495        0    12173        0    12192        0     7450    13390        0     9828        0     8035    74563
  
  TOTAL   324845   301927   334439   317225   330667   341637   349841   364194   350662   333132   326107   332232  4006908





2012
  
  
        MOB
               1        2        3        4        5        6        7        8        9       10       11       12 TOTAL
  DAYOB
  --------------------------------------------------------------------------------------------------------------------------
      1     6629    11916    12519     6909    12470    12623     7550    12976     8967    12537    13042     8248   126386
      2     7821    12135    11789    11647    12095     8040    12837    13006     7817    13293    12692     7204   130376
      3    11324    11826     8010    12273    11804     7075    13752    12743     8030    12900     8224    11833   129794
      4    12075     7833     7021    12307    11488    12011     9296     8786    12941    12785     7436    12566   126545
      5    12171     6733    11391    11986     7634    12424    12618     7693    13991    12521    11885    12313   133360
      6    11920    11229    12076    10955     6868    12410    12804    12671    13709     8333    12690    12084   137749
      7     7783    12310    11972     7384    11424    12305     8952    13316    13841     7367    12536    11733   130923
      8     6887    11946    11985     6545    12158    12145     7541    13204     8987    11711    12386     7995   123490
      9    11248    11862    11817    11237    11749     8293    12333    13179     7930    12692    12374     7003   131717
     10    11939    11981     7691    12179    11825     7131    13527    12898    12853    12597     8172    11529   134322
     11    11860     7895     6497    11635    11683    11700    13024     8602    12543    13705     7219    12234   128597
     12    12391     7012    11571    12050     7751    12892    12787     7630    13653    12349    12036    14667   136789
     13    11380    11023    11779    10910     6909    11999    12109    12126    13396     8153    12364    11893   134041
     14     7901    12708    11797     7699    11763    12626     8657    13788    13529     7408    12728    11872   132476
     15     6899    12250    11783     6951    12565    12278     7559    13391     9094    12347    12812     7913   125842
     16    10707    12376    11608    11536    12199     8213    12380    13361     7867    12888    12555     7146   132836
     17    12175    11985     8066    12240    12048     7316    13318    12913    12960    12752     8503    11979   136255
     18    11981     7818     6918    11850    11771    12028    12865     8678    13628    12604     7390    13305   130836
     19    11997     6905    11578    11583     7914    12767    12798     7678    13490    12367    12916    12849   134842
     20    11914    10837    12338    11608     7202    12674    12503    12580    13524     8365    13427    13109   140081
     21     7948    12125    12056     7757    11919    12713     8611    13239    13174     7279    12083    13186   132090
     22     6816    12436    11925     6843    12601    12370     7531    12973     8899    12260     7267     8396   120317
     23    11464    12045    11816    11297    12649     8141    12553    12889     8007    12923     9171     6845   129800
     24    12356    11802     7893    12191    12414     7246    13390    13114    12748    12610     7651     7614   131029
     25    11692     7842     6915    11765    12350    12091    13045     8653    13533    12769     7191     6325   124171
     26    12003     6707    11474    11871     7921    12950    13056     7629    13100    11989    12403    11362   132465
     27    11648    11475    12245    11226     7015    12545    12785    12533    13159     8127    13296    14126   140180
     28     7827    12208    12035     7590     7532    12994     8493    13674    12661     7362    12614    13888   128878
     29     6733    11042    11864     6713    12307    12462     7550    12968     8695    11957    12503     9030   123824
     30    11253        0    11834    11381    13194     8323    12061    13323     7607    12011    11740     7545   120272
     31    11919        0     7860        0    12686        0    13187    13287        0    11012        0    10634    80585
  
  TOTAL   320661   308262   328123   310118   333908   330785   351472   365501   344333   349973   329306   328426  4000868
 
  
  
  
2013
  
  
        MOB
               1        2        3        4        5        6        7        8        9       10       11       12 TOTAL
  DAYOB
  --------------------------------------------------------------------------------------------------------------------------
      1     7537    11995    12075    10440    11948     8320    12558    12971     7620    13195    12653     7449   128761
      2    10887     7881     7836    12389    11787     7015    13437    12561     7896    12614     8407    12512   125222
      3    12616     6876     7098    12081    11805    11718    13247     8539    12910    12880     7368    13352   130490
      4    12431    11237    11667    12019     7714    12315     8883     7600    13680    12493    12164    12947   135150
      5     8332    12114    12172    11858     6609    12343    11318    12434    13337     8593    12785    12437   134332
      6     7271    11617    11800     7789    11316    11935     8420    13055    12876     7471    12113    11861   127524
      7    11463    12025    11918     6796    12275    12203     7454    13109     8800    11877    12566     8068   128554
      8    12040    11959    11787    11423    11867     8184    12493    13207     7737    12765    12026     7226   132714
      9    11598     7776     7946    12074    11628     7306    13408    12756    12653    12393     8092    11824   129454
     10    11887     6735     6610    11759    11813    11852    12915     8777    13440    12804     7258    12597   128447
     11    12082    11460    11591    11765     7727    12304    12806     7797    12074    12192    11418    12413   135629
     12     8140    12243    12102    11494     7060    11924    12535    12391    13460     8223    13669    12485   135726
     13     7092    11648    11937     7643    11289    12096     8485    12975    12669     7172    12130    11484   126620
     14    11401    12422    11831     6898    12345    12046     7536    13049     8795    11736    12206     8163   128428
     15    11953    11914    11811    11318    12184     8235    12506    13101     7865    12582    12339     7305   133113
     16    11678     7902     7906    12168    12145     7267    13083    12702    12842    12227     8305    12316   130541
     17    12113     7044     7134    11765    11945    12166    12912     8747    13542    12220     7348    13252   130188
     18    11846    10863    11825    11665     7764    12754    12824     7612    13242    12169    12154    13132   137850
     19     7708    12137    12070    11511     7049    12217    12528    12426    13333     7995    12413    13320   134707
     20     7001    11941    12024     7718    11968    12417     8389    13051    13040     7121    12503    13248   130421
     21    10777    11899    12096     6722    12685    12175     7564    12903     8863    11687    12499     8836   128706
     22    11835    11778    11949    11410    12366     8301    12544    12873     7817    12462    12459     7535   133329
     23    11917     7866     7876    11956    12523     7435    13316    12805    12715    12223     8239    12140   131011
     24    12016     6914     6956    11537    12265    12033    12804     8801    13173    12320     7362     9194   125375
     25    11638    11358    11619    11620     8156    12819    12860     7638    13042    12210    12658     6620   132238
     26     8047    11982    12199    11442     6880    12526    12249    12293    13044     8077    13211    11375   133325
     27     6916    11695    12204     7651     7351    12733     8328    13131    12774     7139    11782    13588   125292
     28    11520    11601    12006     6852    12462    12585     7492    13129     8704    12199     7175     9203   124928
     29    12168        0    10986    11259    13062     8325    12096    12873     7618    12519     9077     7896   117879
     30    11752        0     7863    11825    12798     7319    12880    12814    12115    11752     7778    13096   121992
     31    11690        0     6735        0    12082        0    12625     8759        0    10975        0    12525    75391
  
  TOTAL   327352   294882   323629   314847   332868   322868   352495   356879   341676   344285   322157   339399  3973337

  
  
  
  
2014
  
  
        MOB
               1        2        3        4        5        6        7        8        9       10       11       12 TOTAL
  DAYOB
  --------------------------------------------------------------------------------------------------------------------------
      1     8018     8206     8186    11710    12412     7474    13575    12782     8043    13082     8367    12584   124439
      2    11171     7265     7267    12003    12011    11885    13183     8814    13071    12841     7736    13083   130330
      3    12317    11825    11793    11984     8015    12246    13043     7679    13863    12539    12309    12427   140040
      4     8199    12519    12065    12319     7171    12320     9278    12511    13556     8425    12748    12384   133495
      5     7174    11914    12129     7926    11788    12256     7778    13415    13457     7484    12461    11964   129746
      6    11400    11807    12069     7127    12487    11965     7568    12900     8806    11893    12489     8280   128791
      7    12310    12246    12035    11508    12127     8164    13038    13152     7770    12860    12422     7196   134828
      8    11829     8129     8140    12187    12166     7359    13500    12887    12743    12363     8268    11773   131344
      9    11827     7060     6789    11875    11949    11886    12577     8958    13629    12130     7479    12419   128578
     10    11989    11886    11620    12026     8100    12513    13146     7832    13230    12155    11898    12203   138598
     11     8292    12311    12084    12018     7145    12090    12699    12589    12104     8262    12794    12042   134430
     12     7298    12154    11819     7980    11671    12442     8650    13413    13415     7283    12244    12001   130370
     13    11714    11384    11623     7181    12057    11651     7626    12817     8903    11241    12103     8596   126896
     14    12598    12494    11841    11912    12234     8199    12394    13031     8109    12658    12234     7291   134995
     15    11785     8391     8080    12274    12387     7375    13207    13048    13018    12405     8305    12013   132288
     16    11822     7259     6973    11858    12065    12068    12881     8885    13661    12506     7219    12748   129945
     17    11932    11144    11936    12070     8051    12555    12817     7783    13341    12087    11784    12684   138184
     18     8143    12331    12231    11132     7200    12524    12439    12582    13451     8305    12822    12816   135976
     19     6924    11932    11953     7641    11925    12217     8720    13198    13129     7279    12100    12714   129732
     20    11024    12142    12266     6877    12854    12532     7567    13167     9202    11744    12541     8465   130381
     21    12177    11988    11987    11664    12545     8299    12497    13153     8002    12565    12638     7382   134897
     22    11936     8049     8109    12528    12634     7414    13239    12891    12713    12282     8647    12799   133241
     23    12162     7092     7147    12014    12631    11939    12692     8912    13149    12162     7497    12604   130001
     24    11840    11621    11542    12178     8456    12704    12929     7630    13033    12119    12791     9308   136151
     25     8190    12291    12342    11811     7393    12499    12662    12346    12908     8256    13349     6749   130796
     26     7424    11932    11809     7949     7657    12621     8740    13278    12478     7576    11747    10386   123597
     27    11561    11856    11823     7184    12490    12236     7822    13113     8797    12007     7351     8656   124896
     28    12031    11671    11730    11681    13411     8441    12532    13418     7639    12831     9049     7724   132158
     29    11381        0     8153    12121    12753     7563    13252    13099    12318    12102     8035    12811   123588
     30    11651        0     7215    11591    12257    12243    12752     8899    12959    12192     7228    13634   122621
     31    11843        0    11511        0     8462        0    12673     7884        0    10837        0    11990    75200
  
  TOTAL   329962   300899   326267   322329   336504   327680   357476   356066   350497   344471   318655   339726  4010532

